.Random.seed <-
c(403L, 356L, 1873750870L, 1064973265L, -1076340861L, -1414430190L, 
-536914524L, 327405927L, 608403133L, 2039465524L, -1519665766L, 
535382501L, -1445595777L, 825261318L, 1079600784L, -1776554189L, 
1275210961L, 1537783424L, 1320673118L, -1390101335L, 1461333851L, 
1584940394L, -204863476L, 540106831L, 2029574405L, 285020604L, 
700593298L, -1225822323L, -1702725689L, -1805841234L, 331898120L, 
180763403L, -99117591L, -1388232008L, -1956510362L, -235659775L, 
784656531L, -1929465022L, -898642700L, -428943113L, 926503149L, 
-11988092L, 2040384938L, -458804459L, 240406959L, 1407111606L, 
-1898993696L, 247686947L, 314579009L, 519484208L, -249005746L, 
-870462535L, 437214667L, 1274531450L, 1110975356L, 818572223L, 
1196201109L, -1866810708L, 1974171778L, 171792477L, -1632645289L, 
1631867454L, -12003720L, -960563877L, -1586400071L, 323788040L, 
1493786550L, 221922545L, 1273053987L, 577738098L, 2021765060L, 
-327623801L, -1060771491L, -242956460L, -1346486918L, 457173189L, 
-1180337633L, 1569631654L, 390512432L, 578975187L, 1385374705L, 
532550944L, 1529234366L, 843795401L, -127128709L, 1310759242L, 
-2065320532L, -1488691025L, -655746459L, -723738084L, -538796942L, 
1459020525L, 456797991L, -1763685554L, -686914648L, 2031708075L, 
227333321L, 390612184L, -2068924026L, -1036971935L, -905149965L, 
610406498L, -830347564L, 974905303L, 544550349L, -1282913948L, 
560815434L, -1969890123L, 1754467343L, 1531733270L, -252952640L, 
-36586621L, 1028659617L, 464061840L, -704620946L, 616591385L, 
-1003238229L, 2020552858L, 199929948L, 1809841503L, -1042417867L, 
-2073900340L, 1125763106L, 391250557L, 816719735L, 1542256798L, 
-323827880L, -253398341L, 119700569L, 1064552424L, -555453930L, 
-1265093231L, -1441690045L, -1582170798L, 1827185124L, -140181465L, 
1505954941L, 1692348788L, 1279982938L, 306813861L, -1242190913L, 
237811782L, 1069430480L, 1374626035L, -503540207L, 1196691520L, 
-72199138L, -1320123671L, 223041563L, -2020618198L, -512806068L, 
-1823850225L, 2107888709L, -988211716L, -856853422L, 1482462669L, 
1400121223L, 339489390L, -1198153144L, 325276747L, -763591255L, 
-1310770952L, -297845722L, 1770028353L, 1165568723L, 1344344706L, 
1786902708L, 74283063L, 1154714413L, -894746556L, 599592298L, 
-1468474923L, 337801071L, 991164022L, -1539786336L, 588316259L, 
-454203647L, 86488688L, 114840078L, 1908136569L, 60655115L, 1295873850L, 
1817521724L, 651629951L, -1129941291L, -299583764L, -1746671550L, 
-96039011L, -249709033L, 167011198L, 1571770680L, -2137719269L, 
-1518805127L, 35047880L, -11569674L, 768473137L, -1921928605L, 
674991666L, 571194244L, 2007456199L, -1905004387L, -42252268L, 
-53559622L, 1560907525L, -1577321249L, 650612070L, -345397008L, 
-1403261933L, -1522703951L, 201063520L, -2001626626L, 1585364361L, 
1726020283L, -1772173686L, -1734176404L, 229607151L, -272760539L, 
-1082032164L, -1410249294L, -434832211L, 622386279L, -1192803442L, 
1949221992L, -1843584917L, -224196087L, -1885940584L, 1136633798L, 
1981823777L, -827009101L, 1955741100L, -412968132L, -58185870L, 
481206064L, -717822428L, -542548936L, 1128806618L, -41489008L, 
-1883112708L, -780098668L, -320139454L, -933710336L, 1329585724L, 
1247658576L, 1471237794L, -1346852024L, 68391436L, 1593645276L, 
725523026L, -51406720L, -140401836L, -730169880L, 612458234L, 
-1999799472L, 504163372L, 629467508L, -1948604782L, 893406816L, 
724002444L, -355281056L, -217550110L, 538665128L, -1056858932L, 
314900988L, 335321010L, 908425712L, -1382951484L, 2040001368L, 
418905978L, 289793456L, 1970245052L, 1459350612L, 1706213314L, 
-626845920L, -711633988L, -313422256L, 252971490L, -1096522392L, 
-637008564L, 1044651260L, 1610748658L, -1441256704L, 1678138996L, 
-1599513592L, 254323130L, 1161653200L, 230852076L, -551981164L, 
-684384558L, -1485936032L, -950028980L, 1649299744L, -332917118L, 
-1768978968L, 1474898924L, -1748153796L, 627435122L, -1702274192L, 
2144074020L, 111188536L, -885630566L, 1248452048L, -1437225540L, 
-956980076L, -1977581438L, -836323904L, 78952252L, -254818160L, 
1191869218L, -1466469880L, 439304460L, -414201444L, -829674990L, 
-2047582336L, -2038787308L, 1802340648L, -293826502L, 673625040L, 
-915478932L, -1523514828L, 1143195282L, 1841016160L, -1743330996L, 
-1772022816L, 1532076450L, -839351896L, -890167668L, 1579673020L, 
-305372558L, -101835792L, -1717859772L, -416329640L, 313746490L, 
771832944L, 430924860L, 1517579540L, 784011970L, -734345504L, 
-839136132L, 865317584L, 1453269410L, -798313432L, -888555764L, 
-545933892L, -1575286990L, -839037248L, 1762859060L, -449417528L, 
-1333684038L, 1968497296L, 58427116L, -706928044L, 1313619602L, 
-224389856L, -1871905332L, 1752149728L, 1180327106L, -2129687512L, 
-1704377428L, 1874970300L, -714557454L, 1292591664L, 389217188L, 
805451192L, 1481733978L, -798812016L, 1390987132L, -196913900L, 
-1507004094L, -1634878208L, 1862697404L, -1270821552L, -826459870L, 
-2098380216L, -562213876L, 1266221660L, 205059538L, 700005888L, 
-405458604L, 1566840040L, 1419917562L, 6218448L, -151384276L, 
-1329238796L, 143345042L, -2002445984L, -826193908L, -1237128992L, 
-594942366L, 2089463976L, -316004276L, -1361283204L, 390106418L, 
-457474448L, 1702356804L, -87880744L, 2138558330L, 234476592L, 
621453244L, 926620244L, 1183301698L, -1515923808L, -1694963012L, 
-313608240L, -263071390L, -1289913624L, 1591538892L, -163575300L, 
198255090L, -438902656L, 1327046132L, -1448002936L, -814385350L, 
237807952L, -902043540L, 2103854484L, -1637843886L, -64241184L, 
1002905804L, 419228320L, -2108038782L, -1613540120L, -1897121044L, 
-1390288580L, -805331854L, -1015939472L, 30541348L, -1355673544L, 
-1003203302L, 1614647504L, -354353860L, -1677795436L, -1620908158L, 
-40591424L, -2039255492L, 1946603920L, -1842281438L, -916750072L, 
-823716724L, -2105146596L, 652165266L, 1727222144L, -54612972L, 
-2087491800L, -509235654L, 94831056L, -264334996L, 1335193524L, 
494003730L, 1600074720L, 438965708L, 556836064L, -1520125918L, 
935247656L, 240928268L, -1131046084L, -1212802062L, -95989634L, 
-627857300L, 1754378429L, 543555975L, 928200048L, -677703666L, 
-266646213L, -1539739107L, 802203338L, -1506496024L, 1736222417L, 
-1633414461L, -1220036156L, 1395461746L, -1419063481L, -1688187119L, 
-1531231594L, 1953171444L, -1429876347L, -1496814385L, 1125955016L, 
-1370395546L, -1469666669L, -218058251L, -1497433134L, 26402848L, 
530622985L, 569701179L, -845441396L, -1051714790L, 580464015L, 
70836953L, 1485380974L, 1215135996L, -494376339L, 1045845527L, 
956986336L, 343433150L, -1604031093L, 1029758477L, -1779346886L, 
1719917176L, -577400287L, -1040552749L, 1635482612L, -1565594494L, 
-62622441L, -922729503L, 166749478L, 1885455396L, -534561067L, 
-1973683585L, -1535124712L, -172178890L, -1883847485L, 1099569413L, 
-1638207326L, -896436592L, 1316524601L, -791016725L, 2058640348L, 
1449287178L, 639099135L, -286010039L, -760994082L, -72946548L, 
-1942602659L, -1843789209L, -1806120048L, 1748172718L, 1304895067L, 
1237070397L, 1815098538L, -643394232L, 1378560369L, -1631035677L, 
-1042672156L, -1906206446L, -1019341593L, -927272271L, -1751807754L, 
-75980012L, 1154853925L, -884008657L, 172973800L, 1976961990L, 
1406127731L, 202670293L, 732514994L, -529137024L, -2001485207L, 
1831417563L, 1108632108L, -236275142L, -1375206161L, -43927687L, 
2058562574L, 92357084L, 1273909837L, -946142793L, 284270400L, 
-529979874L, -703622933L, 450658413L, -1801598758L, 407201944L, 
-1280954623L, -1095617357L, 1656242132L, 1673145058L, -1448281225L, 
-1670756671L, 234905158L, -2025627260L, 1005944629L, -198763233L, 
-840051592L, -92352170L, 387145699L, 69134757L, -1671259070L, 
-1176247760L, -919754151L, -1480885301L, 870353980L, 1931620970L, 
-1242451809L, -1945519831L, 1892388286L, 1761918124L, 1627752957L, 
477040967L, -184628688L, 993389390L, -262156421L, -919881507L, 
-998690550L, -121707480L, 88520849L, -562156413L, -990110332L, 
-1319240782L, 480634119L, -1673052335L, 1955368662L, 1894324148L, 
-1940514875L, 844482319L, 547730824L, 1770864806L, -1044058029L, 
